{
    "version": "2.0.1",
    "commands": {
        "FRONT": {
            "longitude": 0,
            "latitude": 0
        },
        "POST": {
            "longitude": -180,
            "latitude": 0
        },
        "LEFT": {
            "longitude": 90,
            "latitude": 0
        },
        "RIGHT": {
            "longitude": -90,
            "latitude": 0
        },
        "INFERIOR": {
            "longitude": 0,
            "latitude": -48
        },
        "SUPERIOR": {
            "longitude": 0,
            "latitude": 44
        }
    },
    "thumbnails": "thumbnails",
    "intrinsics": {
        "width": "5472",
        "height": "3648",
        "cameraMatrix": {
            "shape": {
                "row": 3,
                "col": 3
            },
            "data": [
                16125.675196936018,
                0.0,
                2949.834413862323,
                0.0,
                16125.675196936018,
                2553.6118938798854,
                0.0,
                0.0,
                1.0
            ]
        },
        "distortionMatrix": {
            "shape": {
                "row": 1,
                "col": 5
            },
            "data": [
                -0.015059146784647157,
                4.36297403814911,
                0.01880255473209095,
                0.0029127878267430165,
                -281.7654260466243
            ]
        }
    },
    "extrinsics": {
        "_x_00000_y_00000_.jpg": {
            "matrix": {
                "shape": {
                    "row": 3,
                    "col": 4
                },
                "data": [
                    -0.0055415708626819,
                    0.9983520302934442,
                    0.0571184261104146,
                    0.003521988887038469,
                    -0.7326577168274927,
                    0.034821042881757996,
                    -0.6797059400547806,
                    0.008053813969562352,
                    -0.680574728421134,
                    -0.045614894295435506,
                    0.7312573558282448,
                    0.19856818950832886
                ]
            }
        },
        "_x_00000_y_00160_.jpg": {
            "matrix": {
                "shape": {
                    "row": 3,
                    "col": 4
                },
                "data": [
                    -0.3123180616064083,
                    0.9485344585477382,
                    0.0523431881142522,
                    0.0031958471016679374,
                    -0.6955717383450276,
                    -0.19080353953930934,
                    -0.6926571779133944,
                    0.0068501688348430005,
                    -0.647021935648315,
                    -0.2527377895108274,
                    0.7193651538287689,
                    0.19766507496943778
                ]
            }
        },
        "_x_00000_y_00320_.jpg": {
            "matrix": {
                "shape": {
                    "row": 3,
                    "col": 4
                },
                "data": [
                    -0.5899139931236055,
                    0.8063616737305667,
                    0.0422176723115059,
                    0.0023374019382713693,
                    -0.5918938971641445,
                    -0.39626735134894553,
                    -0.7018787649977256,
                    0.00578356699233025,
                    -0.5492386505125114,
                    -0.43903648754212915,
                    0.7110442091669585,
                    0.1964933489798836
                ]
            }
        },
        "_x_00000_y_00480_.jpg": {
            "matrix": {
                "shape": {
                    "row": 3,
                    "col": 4
                },
                "data": [
                    -0.8103714649779298,
                    0.5852843080361696,
                    0.027209695260082,
                    0.0011607594824504539,
                    -0.42821918309560875,
                    -0.5599273798680817,
                    -0.7093022349485404,
                    0.004976630739444016,
                    -0.39990801439637813,
                    -0.5864500047239208,
                    0.7043791393708784,
                    0.19580160382173478
                ]
            }
        },
        "_x_00000_y_00640_.jpg": {
            "matrix": {
                "shape": {
                    "row": 3,
                    "col": 4
                },
                "data": [
                    -0.951556962388798,
                    0.3072707876819923,
                    0.0111359941941474,
                    -0.0002931742104863565,
                    -0.22374168752841914,
                    -0.6671325311094477,
                    -0.7105447510167369,
                    0.004527075740294614,
                    -0.21090046133505616,
                    -0.678615391052096,
                    0.7035638893774121,
                    0.1950410415119142
                ]
            }
        },
        "_x_00000_y_00800_.jpg": {
            "matrix": {
                "shape": {
                    "row": 3,
                    "col": 4
                },
                "data": [
                    -0.9997346118293589,
                    0.0213909062178433,
                    0.0085519028047159,
                    -0.0009707664304733424,
                    -0.0216493817042099,
                    -0.7454857869571029,
                    -0.6661698324877626,
                    0.007395840712359707,
                    -0.007874654419547496,
                    -0.6661781823026987,
                    0.7457510437415725,
                    0.1980613601870655
                ]
            }
        },
        "_x_00000_y_00960_.jpg": {
            "matrix": {
                "shape": {
                    "row": 3,
                    "col": 4
                },
                "data": [
                    -0.9576859315616192,
                    -0.2871401035824669,
                    0.0197032333286858,
                    -0.0007189655236596823,
                    0.20428370776774624,
                    -0.7263692995842551,
                    -0.6562437103410136,
                    0.008079501067110204,
                    0.20274571075516407,
                    -0.6244503195099895,
                    0.7542917043387493,
                    0.1988285095772452
                ]
            }
        },
        "_x_00000_y_01120_.jpg": {
            "matrix": {
                "shape": {
                    "row": 3,
                    "col": 4
                },
                "data": [
                    -0.8217354856935735,
                    -0.5692591573884258,
                    0.0263591214073354,
                    -0.0007282167905478214,
                    0.41319071893721854,
                    -0.6270267092019403,
                    -0.6603869590865113,
                    0.007988083624836275,
                    0.39245919703338844,
                    -0.5317720542458055,
                    0.7504626979318186,
                    0.19892405556173023
                ]
            }
        },
        "_x_00000_y_01280_.jpg": {
            "matrix": {
                "shape": {
                    "row": 3,
                    "col": 4
                },
                "data": [
                    -0.6054634632165002,
                    -0.7951354771392927,
                    0.0342573744520874,
                    -0.0007184977736925778,
                    0.5798154319967381,
                    -0.47017365401231026,
                    -0.6653952208207904,
                    0.007894342881014281,
                    0.5451862613165506,
                    -0.38300954043885244,
                    0.7457047890449015,
                    0.1988576688610098
                ]
            }
        },
        "_x_00000_y_01440_.jpg": {
            "matrix": {
                "shape": {
                    "row": 3,
                    "col": 4
                },
                "data": [
                    -0.3304080097907982,
                    -0.9431754938154993,
                    0.0353629033306452,
                    -0.0007941098125011401,
                    0.690952572601223,
                    -0.2672347249528042,
                    -0.6716920009908939,
                    0.00775152322529787,
                    0.6429736304716049,
                    -0.19749832820884217,
                    0.7399860274848956,
                    0.19850954559519018
                ]
            }
        },
        "_x_00000_y_01600_.jpg": {
            "matrix": {
                "shape": {
                    "row": 3,
                    "col": 4
                },
                "data": [
                    -0.0229495561967441,
                    -0.9990942634243816,
                    0.0358325363721884,
                    -0.0009344334127234039,
                    0.7332543496863906,
                    -0.0411849227226468,
                    -0.6787060194269079,
                    0.007556871215919756,
                    0.6795670508024657,
                    0.010698361221296505,
                    0.7335353901011307,
                    0.1982986976478634
                ]
            }
        },
        "_x_00000_y_01760_.jpg": {
            "matrix": {
                "shape": {
                    "row": 3,
                    "col": 4
                },
                "data": [
                    0.2876544038632485,
                    -0.9571605535992256,
                    0.0331454155457739,
                    -0.0011905143066054595,
                    0.704283001121276,
                    0.18795088456513992,
                    -0.6845874080954091,
                    0.007436236109194547,
                    0.6490303523485538,
                    0.22026833550196076,
                    0.7281768068989208,
                    0.19819204858289105
                ]
            }
        },
        "_x_00000_y_01920_.jpg": {
            "matrix": {
                "shape": {
                    "row": 3,
                    "col": 4
                },
                "data": [
                    0.5690435375685189,
                    -0.8218822883066568,
                    0.0264377858248243,
                    -0.001460641314525424,
                    0.6050532996279715,
                    0.39671298385487874,
                    -0.6903110263136921,
                    0.007369242691570679,
                    0.5568661930489319,
                    0.40881329798426513,
                    0.7230295501778734,
                    0.1982045921306868
                ]
            }
        },
        "_x_00000_y_02080_.jpg": {
            "matrix": {
                "shape": {
                    "row": 3,
                    "col": 4
                },
                "data": [
                    0.794286470808145,
                    -0.6072599311918332,
                    0.0185574313963972,
                    -0.0017247831453906601,
                    0.4477922781677954,
                    0.564515451727827,
                    -0.6934005915586048,
                    0.007425090317483244,
                    0.4105984387506094,
                    0.5590685832072986,
                    0.7203132938979717,
                    0.1981954508959695
                ]
            }
        },
        "_x_00000_y_02240_.jpg": {
            "matrix": {
                "shape": {
                    "row": 3,
                    "col": 4
                },
                "data": [
                    0.939733631350484,
                    -0.3417556036177284,
                    0.0101886949466226,
                    -0.0019289917312029837,
                    0.25342806087134534,
                    0.6762350561813512,
                    -0.6917227528095298,
                    0.007763865526230034,
                    0.22951017422289388,
                    0.6526172355885843,
                    0.7220912849085569,
                    0.19838730054624987
                ]
            }
        },
        "_x_00000_y_02400_.jpg": {
            "matrix": {
                "shape": {
                    "row": 3,
                    "col": 4
                },
                "data": [
                    0.9993603355884916,
                    -0.0342106068841389,
                    0.0104189264839211,
                    -0.0014974740393183092,
                    0.0321144260801924,
                    0.7303130592074685,
                    -0.682357310496904,
                    0.008495049814897696,
                    0.015734779629798096,
                    0.6822554286538487,
                    0.7309445579401728,
                    0.19898559023109483
                ]
            }
        },
        "_x_00000_y_02560_.jpg": {
            "matrix": {
                "shape": {
                    "row": 3,
                    "col": 4
                },
                "data": [
                    0.96223508171597,
                    0.2717672788033145,
                    0.0156905604393969,
                    -0.0007077923432139927,
                    -0.19393426485209772,
                    0.7248224032120714,
                    -0.6610763834218806,
                    0.01000818129386166,
                    -0.19103179952912896,
                    0.6330679505185193,
                    0.7501545318099092,
                    0.2002706625894098
                ]
            }
        },
        "_x_00000_y_02720_.jpg": {
            "matrix": {
                "shape": {
                    "row": 3,
                    "col": 4
                },
                "data": [
                    0.8308356387654858,
                    0.5560636644437614,
                    0.0224798230091576,
                    0.00014084487652178833,
                    -0.40450402297645777,
                    0.6311408579308034,
                    -0.6618441756533259,
                    0.009837399143075682,
                    -0.3822154323846814,
                    0.5407905495991441,
                    0.7493043071484686,
                    0.19999844104975595
                ]
            }
        },
        "_x_00000_y_02880_.jpg": {
            "matrix": {
                "shape": {
                    "row": 3,
                    "col": 4
                },
                "data": [
                    0.6080559843936363,
                    0.7934240365576695,
                    0.0273169920675755,
                    0.0008977910523226275,
                    -0.5800182560597719,
                    0.46747662137427914,
                    -0.6671165048969109,
                    0.0094304756325495,
                    -0.5420763253274097,
                    0.38979982899049925,
                    0.7444523831908322,
                    0.19997567655284168
                ]
            }
        },
        "_x_00000_y_03040_.jpg": {
            "matrix": {
                "shape": {
                    "row": 3,
                    "col": 4
                },
                "data": [
                    0.3117171564606543,
                    0.9496908689824668,
                    0.0303260241279723,
                    0.001496872001287967,
                    -0.699071489752681,
                    0.2508386955747302,
                    -0.6696110819104891,
                    0.009029254978014939,
                    -0.6435304705940906,
                    0.18752920352226246,
                    0.742092535498946,
                    0.19962295014316145
                ]
            }
        },
        "_x_00050_y_00000_.jpg": {
            "matrix": {
                "shape": {
                    "row": 3,
                    "col": 4
                },
                "data": [
                    -0.0011370805929364,
                    0.9989179793236068,
                    0.0464927696719257,
                    0.0025393075973663046,
                    -0.5963364421848191,
                    0.03664401618642919,
                    -0.8018977888734206,
                    0.009862523257253824,
                    -0.8027338006899157,
                    -0.028637155266720903,
                    0.5956495266246358,
                    0.20239955650022717
                ]
            }
        },
        "_x_00050_y_00160_.jpg": {
            "matrix": {
                "shape": {
                    "row": 3,
                    "col": 4
                },
                "data": [
                    -0.3108571978436012,
                    0.949554253241816,
                    0.0414067953263773,
                    0.0023588494446607736,
                    -0.5682249984357978,
                    -0.15074536650729553,
                    -0.8089475790366266,
                    0.00905628122430979,
                    -0.7618977317865321,
                    -0.2749955538312533,
                    0.5864207462834002,
                    0.20129042508170647
                ]
            }
        },
        "_x_00050_y_00320_.jpg": {
            "matrix": {
                "shape": {
                    "row": 3,
                    "col": 4
                },
                "data": [
                    -0.5897974939020589,
                    0.8068325428332168,
                    0.0340611804278111,
                    0.0016994025153664338,
                    -0.48399160592575663,
                    -0.31940640868363473,
                    -0.8146972882520416,
                    0.00830724575868519,
                    -0.6464449254037486,
                    -0.49699174431484044,
                    0.5788852774968752,
                    0.19991644189608357
                ]
            }
        },
        "_x_00050_y_00480_.jpg": {
            "matrix": {
                "shape": {
                    "row": 3,
                    "col": 4
                },
                "data": [
                    -0.8093122700914355,
                    0.5868914037268335,
                    0.0239192330770598,
                    0.0007117614844209509,
                    -0.35269093978747607,
                    -0.4529838198973318,
                    -0.8187885929243571,
                    0.007788852833057935,
                    -0.46970496108863424,
                    -0.6710917516575272,
                    0.573596644329407,
                    0.1989229073824729
                ]
            }
        },
        "_x_00050_y_00640_.jpg": {
            "matrix": {
                "shape": {
                    "row": 3,
                    "col": 4
                },
                "data": [
                    -0.9512389016451348,
                    0.3082750416659645,
                    0.0105380587778632,
                    -0.0004480687512355885,
                    -0.18503612152897433,
                    -0.5429620423601884,
                    -0.8191177291974377,
                    0.007546156572754659,
                    -0.24679178618113026,
                    -0.7811265705645278,
                    0.5735286348837576,
                    0.1986320563974617
                ]
            }
        },
        "_x_00050_y_00800_.jpg": {
            "matrix": {
                "shape": {
                    "row": 3,
                    "col": 4
                },
                "data": [
                    -0.9998403530409932,
                    0.0172403733566037,
                    0.0046944602871582,
                    -0.001335381078236106,
                    -0.013986238229213202,
                    -0.5916252028119927,
                    -0.8060918090006025,
                    0.008197574872937704,
                    -0.011119962727387099,
                    -0.8060287767345486,
                    0.5917718796164179,
                    0.19950714831416638
                ]
            }
        },
        "_x_00050_y_00960_.jpg": {
            "matrix": {
                "shape": {
                    "row": 3,
                    "col": 4
                },
                "data": [
                    -0.9574592121890122,
                    -0.2880154201330606,
                    0.0178598645004188,
                    -0.0009839542666394837,
                    0.16360656363695672,
                    -0.5927820174026138,
                    -0.7885698270787397,
                    0.009559125792364925,
                    0.23770727655943397,
                    -0.7521014543328999,
                    0.6146858165445442,
                    0.20158582292621535
                ]
            }
        },
        "_x_00050_y_01120_.jpg": {
            "matrix": {
                "shape": {
                    "row": 3,
                    "col": 4
                },
                "data": [
                    -0.822010498237758,
                    -0.5689177850357372,
                    0.0251255777434814,
                    -0.0010045858609141602,
                    0.33216421340799146,
                    -0.5148367549621976,
                    -0.7903227512042431,
                    0.009583570108815312,
                    0.46256423999047286,
                    -0.64130778071845,
                    0.6121753460177998,
                    0.20180390914454902
                ]
            }
        },
        "_x_00050_y_01280_.jpg": {
            "matrix": {
                "shape": {
                    "row": 3,
                    "col": 4
                },
                "data": [
                    -0.6061329138474977,
                    -0.7948672437099712,
                    0.0280883539506112,
                    -0.0012268159624261846,
                    0.46933911385346405,
                    -0.38596337650913337,
                    -0.7941996400156033,
                    0.009518793169775688,
                    0.6421243547460159,
                    -0.46820757882650904,
                    0.6070073938358836,
                    0.20158674013497582
                ]
            }
        },
        "_x_00050_y_01440_.jpg": {
            "matrix": {
                "shape": {
                    "row": 3,
                    "col": 4
                },
                "data": [
                    -0.3301445218546744,
                    -0.943507376958065,
                    0.0282564030807084,
                    -0.0014626297526522164,
                    0.559993631039914,
                    -0.21987081416725013,
                    -0.7987890574314117,
                    0.009473919740298698,
                    0.7598761266707103,
                    -0.24789242566714617,
                    0.6009472667487367,
                    0.20156856923999408
                ]
            }
        },
        "_x_00050_y_01600_.jpg": {
            "matrix": {
                "shape": {
                    "row": 3,
                    "col": 4
                },
                "data": [
                    -0.022483580589362,
                    -0.9993875529352498,
                    0.0268143178539769,
                    -0.0016605425533386651,
                    0.5958723748406539,
                    -0.0349323765514417,
                    -0.8023190400147736,
                    0.009426564808298859,
                    0.8027643499219691,
                    -0.0020610935351705957,
                    0.5962928394570896,
                    0.20128756009465912
                ]
            }
        },
        "_x_00050_y_01760_.jpg": {
            "matrix": {
                "shape": {
                    "row": 3,
                    "col": 4
                },
                "data": [
                    0.2882406489584409,
                    -0.957262693418672,
                    0.0237794885741062,
                    -0.0018825617931517644,
                    0.5724387647384902,
                    0.15235287699226963,
                    -0.8056689527944153,
                    0.009456784510585611,
                    0.7676139582581134,
                    0.24583884286460378,
                    0.5918885658857621,
                    0.20153866777297677
                ]
            }
        },
        "_x_00050_y_01920_.jpg": {
            "matrix": {
                "shape": {
                    "row": 3,
                    "col": 4
                },
                "data": [
                    0.5697736630387226,
                    -0.8215805493318362,
                    0.0190623678233944,
                    -0.0020750367546866176,
                    0.49220663399821507,
                    0.32259101888283903,
                    -0.8084971638690384,
                    0.009528324254164913,
                    0.6580961953662888,
                    0.47004301451646885,
                    0.5881912632372964,
                    0.201579581091587
                ]
            }
        },
        "_x_00050_y_02080_.jpg": {
            "matrix": {
                "shape": {
                    "row": 3,
                    "col": 4
                },
                "data": [
                    0.7951619442594035,
                    -0.6062439896840651,
                    0.0136274492680378,
                    -0.00219798724734402,
                    0.3636447215698603,
                    0.45873930350520964,
                    -0.8107532102273379,
                    0.009610335698014972,
                    0.48526281423161305,
                    0.6496356489537053,
                    0.58522946331547,
                    0.20150227843051977
                ]
            }
        },
        "_x_00050_y_02240_.jpg": {
            "matrix": {
                "shape": {
                    "row": 3,
                    "col": 4
                },
                "data": [
                    0.9420389923026224,
                    -0.3354198110575687,
                    0.007489147585985,
                    -0.002224045265592499,
                    0.20288134127257332,
                    0.5517374563940914,
                    -0.8089653519003267,
                    0.009901389209175156,
                    0.2672109622468761,
                    0.7635963132191524,
                    0.5878086185938551,
                    0.20196433902933558
                ]
            }
        },
        "_x_00050_y_02400_.jpg": {
            "matrix": {
                "shape": {
                    "row": 3,
                    "col": 4
                },
                "data": [
                    0.9994920641518468,
                    -0.031554717995523,
                    0.0044624510870685,
                    -0.0019703830564060006,
                    0.022353811165215502,
                    0.5943699869053629,
                    -0.8038809773794308,
                    0.010320762636963425,
                    0.022713890548986995,
                    0.8035724102023047,
                    0.5947734532893907,
                    0.2023043338159951
                ]
            }
        },
        "_x_00050_y_02560_.jpg": {
            "matrix": {
                "shape": {
                    "row": 3,
                    "col": 4
                },
                "data": [
                    0.960267687589358,
                    0.2789367346052161,
                    0.0089591439081549,
                    -0.0011526826766976013,
                    -0.16243751262806772,
                    0.5847353697594456,
                    -0.7947946916301659,
                    0.010952913048150844,
                    -0.22693616429074157,
                    0.7617603595882778,
                    0.6068122707204778,
                    0.20324044659661641
                ]
            }
        },
        "_x_00050_y_02720_.jpg": {
            "matrix": {
                "shape": {
                    "row": 3,
                    "col": 4
                },
                "data": [
                    0.8275523046157589,
                    0.5611994154758635,
                    0.014573921733559,
                    -0.0004542293660953199,
                    -0.33061460531130005,
                    0.5081812189624072,
                    -0.7952646298237683,
                    0.010919434744650142,
                    -0.4537082387173507,
                    0.653304725808279,
                    0.6060872621632701,
                    0.2033130314385788
                ]
            }
        },
        "_x_00050_y_02880_.jpg": {
            "matrix": {
                "shape": {
                    "row": 3,
                    "col": 4
                },
                "data": [
                    0.6063359524348299,
                    0.7949948336856161,
                    0.0184371146909479,
                    0.00026913504777385913,
                    -0.47233385720429655,
                    0.37870361466142355,
                    -0.7959172693068566,
                    0.010732902828514457,
                    -0.6397323191175036,
                    0.47388478204680795,
                    0.6051245931384626,
                    0.20304655077373893
                ]
            }
        },
        "_x_00050_y_03040_.jpg": {
            "matrix": {
                "shape": {
                    "row": 3,
                    "col": 4
                },
                "data": [
                    0.3219929311597001,
                    0.9465212238614376,
                    0.0204481065878991,
                    0.000707185127662486,
                    -0.5652406572213756,
                    0.20952357222783824,
                    -0.7978739700634639,
                    0.010382811808331616,
                    -0.7594890069692469,
                    0.24535167711008468,
                    0.6024773878181122,
                    0.20279950965809673
                ]
            }
        },
        "_x_00100_y_00000_.jpg": {
            "matrix": {
                "shape": {
                    "row": 3,
                    "col": 4
                },
                "data": [
                    -0.0160494685136334,
                    0.99975939850013,
                    0.0149519119542337,
                    0.0005737727477714413,
                    -0.3739405262004598,
                    0.007867038116820699,
                    -0.9274193186343446,
                    0.009156945282697256,
                    -0.9273138074165368,
                    -0.0204757129772265,
                    0.37372429376844213,
                    0.20162480844506353
                ]
            }
        },
        "_x_00100_y_00160_.jpg": {
            "matrix": {
                "shape": {
                    "row": 3,
                    "col": 4
                },
                "data": [
                    -0.3298861533040746,
                    0.943766543645978,
                    0.0219051809571195,
                    0.0010186888005715097,
                    -0.35624950033383274,
                    -0.10296872234101115,
                    -0.928700024621166,
                    0.008966922514556481,
                    -0.87422046382485,
                    -0.3141689884663718,
                    0.3701843153293796,
                    0.20117241445185247
                ]
            }
        },
        "_x_00100_y_00320_.jpg": {
            "matrix": {
                "shape": {
                    "row": 3,
                    "col": 4
                },
                "data": [
                    -0.5968227900198884,
                    0.8007948535818599,
                    0.0503006937296445,
                    0.0024809404670490744,
                    -0.31990807233844143,
                    -0.1799949518796526,
                    -0.9301938736363212,
                    0.00878339449662629,
                    -0.7358405958939609,
                    -0.5712525008913732,
                    0.363605827318227,
                    0.19993545864614778
                ]
            }
        },
        "_x_00100_y_00480_.jpg": {
            "matrix": {
                "shape": {
                    "row": 3,
                    "col": 4
                },
                "data": [
                    -0.8126887911082387,
                    0.581135693433541,
                    0.0426407624761461,
                    0.0017951284300781567,
                    -0.24201592626951304,
                    -0.27006679587061794,
                    -0.931929298391293,
                    0.008636350546666872,
                    -0.530061524956245,
                    -0.7676882385354711,
                    0.3601243509891619,
                    0.19957926938670792
                ]
            }
        },
        "_x_00100_y_00640_.jpg": {
            "matrix": {
                "shape": {
                    "row": 3,
                    "col": 4
                },
                "data": [
                    -0.9520229191037702,
                    0.3054934622961977,
                    0.0180584051183467,
                    -0.00015156558690014075,
                    -0.12555175780549974,
                    -0.3360856701380576,
                    -0.9334255077079272,
                    0.008292819116271121,
                    -0.2790862189594571,
                    -0.8909097411197916,
                    0.3583165019431558,
                    0.19886913165730394
                ]
            }
        },
        "_x_00100_y_00800_.jpg": {
            "matrix": {
                "shape": {
                    "row": 3,
                    "col": 4
                },
                "data": [
                    -0.9995007788237386,
                    0.0312042963541135,
                    0.0049482340067374,
                    -0.001456569156392532,
                    -0.017618110232818802,
                    -0.4204743693042233,
                    -0.9071333457381224,
                    0.00986108053839479,
                    -0.026225852179958396,
                    -0.9067676640944248,
                    0.4208142203278957,
                    0.20260993878922587
                ]
            }
        },
        "_x_00100_y_00960_.jpg": {
            "matrix": {
                "shape": {
                    "row": 3,
                    "col": 4
                },
                "data": [
                    -0.9617826298668648,
                    -0.2737225921331655,
                    0.0070792261073056,
                    -0.0017274659373209952,
                    0.11349216360200083,
                    -0.42204102917690584,
                    -0.8994447723413787,
                    0.010504570692309145,
                    0.24918607843801047,
                    -0.8642669218749484,
                    0.4369771001614243,
                    0.20391342200924745
                ]
            }
        },
        "_x_00100_y_01120_.jpg": {
            "matrix": {
                "shape": {
                    "row": 3,
                    "col": 4
                },
                "data": [
                    -0.830161575468361,
                    -0.557468869254659,
                    0.0077600533387915,
                    -0.0020918708030903013,
                    0.23771853637720824,
                    -0.36652303261184443,
                    -0.8995280785098898,
                    0.01059440786452494,
                    0.5043031390726883,
                    -0.7449089383118905,
                    0.4367940218735654,
                    0.20410378827875184
                ]
            }
        },
        "_x_00100_y_01280_.jpg": {
            "matrix": {
                "shape": {
                    "row": 3,
                    "col": 4
                },
                "data": [
                    -0.6175806263931631,
                    -0.786429996466107,
                    0.0110467444139447,
                    -0.0024038210156693725,
                    0.3359229278095671,
                    -0.2764468042772715,
                    -0.9004071029133058,
                    0.01072903158249225,
                    0.7111609919530719,
                    -0.5523631278997558,
                    0.4349080574801085,
                    0.20449451928260118
                ]
            }
        },
        "_x_00100_y_01440_.jpg": {
            "matrix": {
                "shape": {
                    "row": 3,
                    "col": 4
                },
                "data": [
                    -0.3435493125347236,
                    -0.9390915088307256,
                    0.009000438819831,
                    -0.0027582191352015567,
                    0.404779573811983,
                    -0.15671540337894052,
                    -0.9008849976375262,
                    0.010859635898232195,
                    0.8474239591146269,
                    -0.3058552278216061,
                    0.4339645298093902,
                    0.2047789364157026
                ]
            }
        },
        "_x_00100_y_01600_.jpg": {
            "matrix": {
                "shape": {
                    "row": 3,
                    "col": 4
                },
                "data": [
                    -0.0377135637103303,
                    -0.999274045140241,
                    0.0053916436571606,
                    -0.003165826766911758,
                    0.4338653863497809,
                    -0.021234426527081903,
                    -0.9007274424916902,
                    0.010997276088875485,
                    0.9001880434885943,
                    -0.0316303942296787,
                    0.4343512455617607,
                    0.2051794418039376
                ]
            }
        },
        "_x_00100_y_01760_.jpg": {
            "matrix": {
                "shape": {
                    "row": 3,
                    "col": 4
                },
                "data": [
                    0.2598358905298263,
                    -0.9656524323504628,
                    0.0008305950917111,
                    -0.0034055171536198896,
                    0.422003867092526,
                    0.11277824555436712,
                    -0.8995520015477886,
                    0.011243060523876405,
                    0.8685609052631408,
                    0.2340864097407471,
                    0.4368128965852095,
                    0.20560246769850987
                ]
            }
        },
        "_x_00100_y_01920_.jpg": {
            "matrix": {
                "shape": {
                    "row": 3,
                    "col": 4
                },
                "data": [
                    0.5353545931890047,
                    -0.8446254873588656,
                    -0.001801570213416,
                    -0.003579704037518681,
                    0.37070757488427963,
                    0.23688353507467166,
                    -0.8980323405835354,
                    0.011582081710525273,
                    0.7589277656502312,
                    0.48009788263886877,
                    0.4399257546573322,
                    0.20641423129802933
                ]
            }
        },
        "_x_00100_y_02080_.jpg": {
            "matrix": {
                "shape": {
                    "row": 3,
                    "col": 4
                },
                "data": [
